150 175 0.02673800598354705
175 33 0.021045362067400875
33 150 0.020697921969354105
82 111 0.0014166322775391042
111 112 0.0008513441238455291
112 82 0.0008513441238455214
47 103 0.0008457408832505486
103 81 0.0013594248873748632
81 47 0.0009305509477758061
28 8 0.04675362841534334
8 34 0.04805857330383413
34 28 0.048853353150014135
128 36 0.021915958011515295
36 161 0.025247852273369984
161 128 0.016420405800084546
94 88 0.00046830499513287905
88 90 0.0002747247977113602
90 94 0.00032572840949184355
158 190 0.038195582863506744
190 8 0.05769440863907033
8 158 0.05277113346336168
137 136 0.004662861822697706
136 37 0.008720672079354012
37 137 0.004662861822697709
32 143 0.005655664792931071
143 11 0.0067997692791741515
11 32 0.003302586864868183
52 85 0.00025536857219719117
85 83 0.0006797124436873466
83 52 0.0006104524265158415
142 208 0.03184413811701397
208 19 0.03628258206185583
19 142 0.01843065723044238
143 150 0.011059403209596853
150 138 0.011483373474351995
138 143 0.006799769279174079
14 185 0.015059950504637275
185 129 0.015059950504637265
129 14 0.007611352758229964
184 28 0.025620032661900053
28 183 0.02212042186405159
183 184 0.03580150178331551
165 132 0.01605597380666518
132 31 0.012238537098593785
31 165 0.019616634439698043
158 8 0.05277113346336168
8 28 0.04675362841534334
28 158 0.03623518882049456
14 130 0.007611352758229964
130 159 0.020854100363648265
159 14 0.020854100363648275
163 161 0.03550286561864548
161 31 0.03895964607855306
31 163 0.025349713669013767
14 29 0.0027780000000000027
29 130 0.007611352758229954
130 14 0.007611352758229964
150 176 0.025876681335573425
176 175 0.028149654404821915
175 150 0.02673800598354705
17 176 0.030265439668757582
176 58 0.02684445981068126
58 17 0.013600195090512518
160 71 0.01646648424491016
71 6 0.011087090747802134
6 160 0.01646648424491019
40 66 0.012148359529171135
66 3 0.01655572653947872
3 40 0.022858581167692873
38 153 0.01533042718372837
153 5 0.015330427183728368
5 38 0.00603446211356072
39 4 0.012212619415997553
4 182 0.03346096273476082
182 39 0.03346096273476084
161 131 0.01642040580008456
131 37 0.007611352758229954
37 161 0.01642040580008456
172 169 0.015101235158854672
169 171 0.012688680492964245
171 172 0.01716348128557617
187 205 0.03265872959407725
205 1 0.04124238901633398
1 187 0.03929168769533462
75 60 0.005178748818790628
60 108 0.008025636156244124
108 75 0.0041817045791749064
27 147 0.013407279787427949
147 121 0.01340727978742795
121 27 0.00489340389711963
203 179 0.030129847413847683
179 40 0.03415573980614966
40 203 0.03493634222392859
71 160 0.01646648424491016
160 63 0.03826932803302288
63 71 0.04383191602303048
38 4 0.01754121195926898
4 153 0.02040385981149045
153 38 0.01533042718372837
6 37 0.0027780000000000027
37 131 0.007611352758229954
131 6 0.007611352758229964
5 154 0.016533628456617933
154 38 0.016533628456617936
38 5 0.00603446211356072
153 4 0.02040385981149045
4 39 0.012212619415997553
39 153 0.01533042718372845
46 111 0.0005653291163257617
111 62 0.0014166322775391042
62 46 0.0013895000899603472
0 42 0.023948785459809913
42 205 0.03265872959407732
205 0 0.032959674822187986
41 187 0.03929168769533463
187 1 0.03929168769533462
1 41 0.014340723900835633
187 206 0.034896334066914524
206 205 0.045956066384326595
205 187 0.03265872959407725
177 156 0.018552142937203746
156 172 0.015101235158854679
172 177 0.02894562061422077
66 63 0.04383191602303048
63 3 0.034993896910747176
3 66 0.01655572653947872
134 148 0.008798462287694167
148 70 0.008798462287694132
70 134 0.005281982983403949
3 63 0.034993896910747176
63 39 0.0357419997481954
39 3 0.03732118938351234
5 160 0.020873659489836344
160 154 0.02671357909889534
154 5 0.016533628456617933
106 76 0.0015298807750040776
76 103 0.0013594248873748313
103 106 0.001529880775004126
30 132 0.007611352758229964
132 13 0.007611352758229954
13 30 0.0027780000000000027
58 26 0.015836335008454484
26 17 0.0076641850838820545
17 58 0.013600195090512518
105 99 0.001883633754276384
99 96 0.0009218701332541158
96 105 0.0018836337542763803
27 152 0.009682171202765228
152 147 0.009682171202765192
147 27 0.013407279787427949
94 97 0.0006971003261275521
97 88 0.0006971003261275323
88 94 0.00046830499513287905
116 119 0.006963417375043771
119 127 0.009925076309527013
127 116 0.013790793565383505
34 146 0.04153821694257677
146 183 0.02212042186405162
183 34 0.049996082818089656
121 16 0.004893403897119609
16 27 0.0017859999999999543
27 121 0.00489340389711963
122 27 0.00489340389711963
27 16 0.0017859999999999543
16 122 0.004893403897119609
108 24 0.0037602049706267353
24 80 0.0013724037947270614
80 108 0.003760204970626745
25 91 0.00014980272315777158
91 93 0.00029639816009147384
93 25 0.0002963981600914537
152 176 0.0236101317089444
176 17 0.030265439668757582
17 152 0.02106589562600335
24 117 0.003804991658776883
117 68 0.0038049916587768744
68 24 0.001388750090008992
117 19 0.010416662859096254
19 68 0.010357497637581163
68 117 0.0038049916587768744
23 155 0.01598643015166073
155 20 0.01598643015166072
20 23 0.005834745067267281
159 188 0.05071846033953233
188 180 0.047403034094533524
180 159 0.039174213030991445
21 170 0.023349828733782406
170 155 0.037530520330656326
155 21 0.03664243726282423
113 82 0.002332570354656078
82 112 0.0008513441238455214
112 113 0.0023325703546560766
165 13 0.016055973806665173
13 132 0.007611352758229954
132 165 0.01605597380666518
80 75 0.002589374409395314
75 108 0.0041817045791749064
108 80 0.003760204970626745
106 47 0.0015298807750041441
47 104 0.002549586581363146
104 106 0.003331032545219039
188 159 0.05071846033953233
159 130 0.020854100363648265
130 188 0.04126227351053851
83 78 0.0013594248873748313
78 100 0.0024384758743849874
100 83 0.001596902441311745
162 127 0.03165843437192359
127 157 0.02039526452935253
157 162 0.030621046721725022
79 96 0.0007295681783743536
96 87 0.0007295681783743584
87 79 0.0005494495954227204
186 154 0.031332087428067604
154 163 0.0431246316007449
163 186 0.03133208742806758
45 55 0.010976247309531586
55 173 0.030073466607061686
173 45 0.030073466607061672
178 55 0.03041128229232739
55 44 0.01809817993611513
44 178 0.02211559221248185
54 171 0.012688680492964274
171 135 0.012688680492964273
135 54 0.011333058220312777
117 24 0.003804991658776883
24 108 0.0037602049706267353
108 117 0.003877529939015294
173 55 0.030073466607061686
55 178 0.03041128229232739
178 173 0.02211559221248184
44 56 0.0105150943409938
56 178 0.02211559221248185
178 44 0.02211559221248185
40 73 0.012466199924696362
73 66 0.02191595801151535
66 40 0.012148359529171135
65 85 0.0006797124436874848
85 95 0.00046107911612709604
95 65 0.0004610791161271706
101 105 0.0018836337542763883
105 96 0.0018836337542763803
96 101 0.0019989203624141225
113 112 0.0023325703546560766
112 114 0.0018979111579634684
114 113 0.0018979111579634652
141 61 0.005203027803060316
61 115 0.0034988246592664823
115 141 0.005203027803060309
174 118 0.019986989204676123
118 149 0.010641115013249216
149 174 0.01998698920467615
179 73 0.03415573980614965
73 40 0.012466199924696362
40 179 0.03415573980614966
78 72 0.0027188497747496947
72 125 0.003989003417529278
125 78 0.003989003417529251
110 100 0.0015189236854007842
100 118 0.004161650101661625
118 110 0.004161650101661637
70 77 0.005666529110156359
77 134 0.005281982983403958
134 70 0.005281982983403949
126 69 0.007520247066399495
69 53 0.010875399098998578
53 126 0.00767661906093398
110 109 0.0023125107044316856
109 65 0.0027188497747496626
65 110 0.0012632958251608342
81 104 0.002549586581363165
104 47 0.002549586581363146
47 81 0.0009305509477758061
134 77 0.005281982983403958
77 113 0.0028749634456226047
113 134 0.005281982983403943
6 131 0.007611352758229964
131 160 0.016466484244910196
160 6 0.01646648424491019
48 174 0.019986989204676092
174 51 0.02617455268076493
51 48 0.022858581167692755
214 200 0.030407549973131758
200 189 0.037771796622345866
189 214 0.03197878558279198
81 69 0.002718849774749557
69 104 0.002744748143208654
104 81 0.002549586581363165
93 87 0.0004483998673304494
87 96 0.0007295681783743584
96 93 0.0007295681783743614
38 154 0.016533628456617936
154 4 0.03029093272267181
4 38 0.01754121195926898
24 68 0.001388750090008992
68 80 0.002589374409395314
80 24 0.0013724037947270614
26 58 0.015836335008454484
58 64 0.027853669500175433
64 26 0.014436425514129207
95 85 0.00046107911612709604
85 52 0.00025536857219719117
52 95 0.00046107911612706346
25 92 0.00015894738407582114
92 86 0.0001373623988556801
86 25 7.059840483770388e-05
79 74 0.004395596763381547
74 101 0.0029186461604642808
101 79 0.001998920362414107
89 87 0.0002747247977113602
87 93 0.0004483998673304494
93 89 0.00029639816009149184
94 90 0.00032572840949184355
90 92 0.0001373623988556801
92 94 0.000325728409491845
91 89 0.0001373623988556801
89 93 0.00029639816009149184
93 91 0.00029639816009147384
94 25 0.00032572840949183916
25 93 0.0002963981600914537
93 94 0.0004131831520713405
25 86 7.059840483770388e-05
86 91 0.0001373623988556801
91 25 0.00014980272315777158
94 92 0.000325728409491845
92 25 0.00015894738407582114
25 94 0.00032572840949183916
84 88 0.0005494495954226124
88 97 0.0006971003261275323
97 84 0.0006971003261275294
99 93 0.0009218701332541004
93 96 0.0007295681783743614
96 99 0.0009218701332541158
99 94 0.0009218701332540943
94 93 0.0004131831520713405
93 99 0.0009218701332541004
100 52 0.001263295825160479
52 83 0.0006104524265158415
83 100 0.001596902441311745
100 110 0.0015189236854007842
110 95 0.0012632958251608123
95 100 0.001263295825160494
102 18 0.00138954848838678
18 84 0.0021977983816907735
84 102 0.00138954848838678
84 97 0.0006971003261275294
97 102 0.0013895484883867761
102 84 0.00138954848838678
97 94 0.0006971003261275521
94 99 0.0009218701332540943
99 97 0.0010504781234253464
99 107 0.0017517388205471485
107 97 0.0017517388205471598
97 99 0.0010504781234253464
52 100 0.001263295825160479
100 95 0.001263295825160494
95 52 0.00046107911612706346
98 109 0.0027188497747496947
109 118 0.005467060574819564
118 98 0.006799376824530003
101 96 0.0019989203624141225
96 79 0.0007295681783743536
79 101 0.001998920362414107
67 123 0.00998177909933006
123 74 0.005271147123011752
74 67 0.008791193526762987
115 61 0.0034988246592664823
61 76 0.005437699549499357
76 115 0.003498824659266468
118 48 0.011102699560661265
48 98 0.005437699549499219
98 118 0.006799376824530003
101 123 0.005160907477000206
123 105 0.005160907477000211
105 101 0.0018836337542763883
97 107 0.0017517388205471598
107 102 0.0017517388205471657
102 97 0.0013895484883867761
107 99 0.0017517388205471485
99 105 0.001883633754276384
105 107 0.002752262386906217
120 119 0.003775270581591985
119 18 0.006963417375043893
18 120 0.0037752705815920083
106 103 0.001529880775004126
103 47 0.0008457408832505486
47 106 0.0015298807750041441
134 113 0.005281982983403943
113 124 0.00520002567568064
124 134 0.005880352314071116
125 118 0.005354866960735862
118 100 0.004161650101661625
100 125 0.003989003417529231
101 74 0.0029186461604642808
74 123 0.005271147123011752
123 101 0.005160907477000206
116 127 0.013790793565383505
127 162 0.03165843437192359
162 116 0.0303623259035664
104 140 0.006743331973383392
140 106 0.006743331973383367
106 104 0.003331032545219039
76 106 0.0015298807750040776
106 115 0.003498824659266464
115 76 0.003498824659266468
107 127 0.007443886344812836
127 120 0.007977639791681344
120 107 0.0038876012541891047
120 18 0.0037752705815920083
18 102 0.00138954848838678
102 120 0.0037752705815920127
60 20 0.020714995275162327
20 155 0.01598643015166072
155 60 0.027904470064594025
34 183 0.049996082818089656
183 28 0.02212042186405159
28 34 0.048853353150014135
95 110 0.0012632958251608123
110 65 0.0012632958251608342
65 95 0.0004610791161271706
109 110 0.0023125107044316856
110 118 0.004161650101661637
118 109 0.005467060574819564
112 111 0.0008513441238455291
111 46 0.0005653291163257617
46 112 0.0008513441238455168
62 114 0.0030019246906957636
114 46 0.001897911157963477
46 62 0.0013895000899603472
82 113 0.002332570354656078
113 77 0.0028749634456226047
77 82 0.0028332645550782527
114 112 0.0018979111579634684
112 46 0.0008513441238455168
46 114 0.001897911157963477
125 141 0.005203027803060225
141 149 0.010641115013249252
149 125 0.010641115013249236
169 62 0.008224876808684585
62 135 0.011333058220312922
135 169 0.008578520146733224
114 169 0.008224876808684573
169 124 0.008845555314754195
124 114 0.005200025675680647
69 126 0.007520247066399495
126 104 0.0075202470663994865
104 69 0.002744748143208654
140 115 0.006743331973383352
115 106 0.003498824659266464
106 140 0.006743331973383367
184 164 0.025620032661900063
164 158 0.015059950504637074
158 184 0.025620032661900088
120 127 0.007977639791681344
127 119 0.009925076309527013
119 120 0.003775270581591985
19 117 0.010416662859096254
117 142 0.010623919437164555
142 19 0.01843065723044238
78 125 0.003989003417529251
125 100 0.003989003417529231
100 78 0.0024384758743849874
48 118 0.011102699560661265
118 174 0.019986989204676123
174 48 0.019986989204676092
102 107 0.0017517388205471657
107 120 0.0038876012541891047
120 102 0.0037752705815920127
107 105 0.002752262386906217
105 127 0.0074438863448128235
127 107 0.007443886344812836
127 105 0.0074438863448128235
105 123 0.005160907477000211
123 127 0.007443886344812812
27 122 0.00489340389711963
122 152 0.009682171202765244
152 27 0.009682171202765228
130 29 0.007611352758229954
29 164 0.015059950504637055
164 130 0.015059950504637055
16 146 0.01340727978742783
146 151 0.00968217120276478
151 16 0.00968217120276476
16 151 0.00968217120276476
151 122 0.009682171202764765
122 16 0.004893403897119609
157 67 0.023587897711889703
67 59 0.017582387053526036
59 157 0.029131935525221052
26 162 0.02099885395168847
162 17 0.020998853951688486
17 26 0.0076641850838820545
113 114 0.0018979111579634652
114 124 0.005200025675680647
124 113 0.00520002567568064
169 135 0.008578520146733224
135 171 0.012688680492964273
171 169 0.012688680492964245
141 72 0.006154902698628935
72 61 0.005437699549499357
61 141 0.005203027803060316
140 104 0.006743331973383392
104 126 0.0075202470663994865
126 140 0.010615275087247116
134 156 0.009783329954833992
156 148 0.009783329954833964
148 134 0.008798462287694167
72 141 0.006154902698628935
141 125 0.005203027803060225
125 72 0.003989003417529278
67 157 0.023587897711889703
157 123 0.020395264529352537
123 67 0.00998177909933006
116 162 0.0303623259035664
162 64 0.024971463300617936
64 116 0.013926834750087649
185 159 0.015059950504637315
159 165 0.016055973806665163
165 185 0.016248840236762516
37 136 0.008720672079354012
136 128 0.01095797900575762
128 37 0.014804448708496344
190 165 0.03417485201020968
165 31 0.019616634439698043
31 190 0.03887720016797832
164 29 0.015059950504637055
29 158 0.020854100363648216
158 164 0.015059950504637074
155 142 0.031958174648570196
142 60 0.016751988707435352
60 155 0.027904470064594025
37 128 0.014804448708496344
128 161 0.016420405800084546
161 37 0.01642040580008456
131 161 0.01642040580008456
161 163 0.03550286561864548
163 131 0.04243454165562891
132 30 0.007611352758229964
30 163 0.020854100363648258
163 132 0.020854100363648265
13 168 0.0129791734478956
168 133 0.012979173447895608
133 13 0.007611352758229954
174 197 0.05131956417338661
197 202 0.03379737635308781
202 174 0.05533730525505615
30 13 0.0027780000000000027
13 133 0.007611352758229954
133 30 0.007611352758229964
134 124 0.005880352314071116
124 156 0.009783329954833999
156 134 0.009783329954833992
148 53 0.008798462287694058
53 70 0.011333058220312777
70 148 0.008798462287694132
73 179 0.03415573980614965
179 2 0.03506412765085028
2 73 0.02191595801151524
156 124 0.009783329954833999
124 172 0.01510123515885467
172 156 0.015101235158854679
6 71 0.011087090747802134
71 137 0.009713504481157003
137 6 0.004662861822697726
137 37 0.004662861822697709
37 6 0.0027780000000000027
6 137 0.004662861822697726
71 136 0.01095797900575762
136 137 0.004662861822697706
137 71 0.009713504481157003
32 150 0.011059403209596861
150 143 0.011059403209596853
143 32 0.005655664792931071
33 138 0.013599538558348232
138 150 0.011483373474351995
150 33 0.020697921969354105
126 53 0.00767661906093398
53 148 0.008798462287694058
148 126 0.010609707629945035
125 149 0.010641115013249236
149 118 0.010641115013249216
118 125 0.005354866960735862
115 140 0.006743331973383352
140 141 0.008331214093322013
141 115 0.005203027803060309
141 140 0.008331214093322013
140 149 0.014009282591477443
149 141 0.010641115013249252
117 108 0.003877529939015294
108 142 0.010623919437164555
142 117 0.010623919437164555
142 108 0.010623919437164555
108 60 0.008025636156244124
60 142 0.016751988707435352
32 145 0.004986618397176873
145 150 0.01105940320959687
150 32 0.011059403209596861
150 145 0.01105940320959687
145 144 0.0069634173750438245
144 150 0.011677863885556137
32 11 0.003302586864868183
11 145 0.0069634173750438245
145 32 0.004986618397176873
16 121 0.004893403897119609
121 146 0.01340727978742784
146 16 0.01340727978742783
146 121 0.01340727978742784
121 183 0.022120421864051595
183 146 0.02212042186405162
157 127 0.02039526452935253
127 123 0.007443886344812812
123 157 0.020395264529352537
147 152 0.009682171202765192
152 162 0.025629546228847694
162 147 0.02267719488508494
126 177 0.018552142937203777
177 140 0.01855214293720379
140 126 0.010615275087247116
148 156 0.009783329954833964
156 177 0.018552142937203746
177 148 0.01976114232878428
148 177 0.01976114232878428
177 126 0.018552142937203777
126 148 0.010609707629945035
174 49 0.04161606639347105
49 51 0.019769197682253083
51 174 0.02617455268076493
144 139 0.013926834750087717
139 150 0.0213408482801931
150 144 0.011677863885556137
151 175 0.021045362067400868
175 176 0.028149654404821915
176 151 0.017968437955178457
151 146 0.00968217120276478
146 175 0.02104536206740087
175 151 0.021045362067400868
176 150 0.025876681335573425
150 139 0.0213408482801931
139 176 0.01796843795517841
152 122 0.009682171202765244
122 176 0.017968437955178447
176 152 0.0236101317089444
162 152 0.025629546228847694
152 17 0.02106589562600335
17 162 0.020998853951688486
39 63 0.0357419997481954
63 153 0.0259004908293058
153 39 0.01533042718372845
160 153 0.030086077546439195
153 63 0.0259004908293058
63 160 0.03826932803302288
163 30 0.020854100363648258
30 167 0.015059950504637253
167 163 0.015059950504637213
167 186 0.03133208742806758
186 163 0.03133208742806758
163 167 0.015059950504637213
23 21 0.03137979580876845
21 155 0.03664243726282423
155 23 0.01598643015166073
21 22 0.00852224647613524
22 170 0.023349828733782402
170 21 0.023349828733782406
169 114 0.008224876808684573
114 62 0.0030019246906957636
62 169 0.008224876808684585
149 140 0.014009282591477443
140 177 0.01855214293720379
177 149 0.024264077442729577
208 59 0.03280834419409701
59 19 0.03516477410705206
19 208 0.03628258206185583
213 170 0.052238378735191805
170 212 0.040373692359674175
212 213 0.0312684338547717
29 14 0.0027780000000000027
14 129 0.007611352758229964
129 29 0.007611352758229954
29 129 0.007611352758229954
129 158 0.02085410036364821
158 29 0.020854100363648216
213 188 0.03126843385477178
188 196 0.036892699868465814
196 213 0.03126843385477176
165 168 0.012979173447895618
168 13 0.0129791734478956
13 165 0.016055973806665173
154 160 0.02671357909889534
160 131 0.016466484244910196
131 154 0.030503916220856592
160 5 0.020873659489836344
5 153 0.015330427183728368
153 160 0.030086077546439195
36 31 0.04166886267946365
31 161 0.03895964607855306
161 36 0.025247852273369984
163 31 0.025349713669013767
31 132 0.012238537098593785
132 163 0.020854100363648265
64 162 0.024971463300617936
162 26 0.02099885395168847
26 64 0.014436425514129207
193 162 0.03751231049506308
162 157 0.030621046721725022
157 193 0.03751231049506306
167 30 0.015059950504637253
30 133 0.007611352758229964
133 167 0.015059950504637269
163 154 0.0431246316007449
154 131 0.030503916220856592
131 163 0.04243454165562891
184 158 0.025620032661900088
158 28 0.03623518882049456
28 184 0.025620032661900053
184 183 0.03580150178331551
183 193 0.042287775474123546
193 184 0.0417541809191197
129 190 0.025267370627812077
190 158 0.038195582863506744
158 129 0.02085410036364821
36 190 0.056846185348485775
190 31 0.03887720016797832
31 36 0.04166886267946365
36 166 0.05139675836081489
166 190 0.02526737062781203
190 36 0.056846185348485775
14 159 0.020854100363648275
159 185 0.015059950504637315
185 14 0.015059950504637275
180 189 0.02323822767178948
189 133 0.02323822767178954
133 180 0.03556121944643094
192 197 0.05131956417338661
197 174 0.05131956417338661
174 192 0.03403949250924495
165 159 0.016055973806665163
159 168 0.013476610051540532
168 165 0.012979173447895618
130 164 0.015059950504637055
164 188 0.0412622735105385
188 130 0.04126227351053851
124 169 0.008845555314754195
169 172 0.015101235158854672
172 124 0.01510123515885467
199 194 0.03277108496969048
194 50 0.038899251535215895
50 199 0.03277108496969045
168 180 0.03556121944643093
180 133 0.03556121944643094
133 168 0.012979173447895608
181 54 0.034765307152059825
54 45 0.06804225026408228
45 181 0.03936519806297603
173 178 0.02211559221248184
178 205 0.032658729594077264
205 173 0.03603911877842646
191 171 0.030789851517384427
171 181 0.03476530715205984
181 191 0.030789851517384434
182 203 0.0301298474138477
203 39 0.04248707110455851
39 182 0.03346096273476084
2 179 0.03506412765085028
179 187 0.05212724716611028
187 2 0.05741859173066842
54 181 0.034765307152059825
181 171 0.03476530715205984
171 54 0.012688680492964274
192 149 0.034039492509244956
149 177 0.024264077442729577
177 192 0.034039492509244956
201 154 0.054661445113589675
154 186 0.031332087428067604
186 201 0.04559269614084871
146 34 0.04153821694257677
34 175 0.03046242755207514
175 146 0.02104536206740087
34 33 0.03450820090934908
33 175 0.021045362067400875
175 34 0.03046242755207514
58 176 0.02684445981068126
176 139 0.01796843795517841
139 58 0.02785366950017538
122 151 0.009682171202764765
151 176 0.017968437955178457
176 122 0.017968437955178447
192 177 0.034039492509244956
177 204 0.06317886800408458
204 192 0.05544210230618403
192 174 0.03403949250924495
174 149 0.01998698920467615
149 192 0.034039492509244956
56 43 0.037602756335141214
43 178 0.03563654602415156
178 56 0.02211559221248185
205 43 0.03998003672223236
43 0 0.02442596988862467
0 205 0.032959674822187986
203 40 0.03493634222392859
40 3 0.022858581167692873
3 203 0.030129847413847662
171 191 0.030789851517384427
191 172 0.03078985151738444
172 171 0.01716348128557617
159 180 0.039174213030991445
180 168 0.03556121944643093
168 159 0.013476610051540532
215 194 0.03604058901925408
194 199 0.03277108496969048
199 215 0.030738338052448938
45 173 0.030073466607061672
173 181 0.04211044220177691
181 45 0.03936519806297603
206 173 0.03489633406691449
173 205 0.03603911877842646
205 206 0.045956066384326595
186 200 0.03777179662234586
200 201 0.04527758065895201
201 186 0.04559269614084871
204 172 0.061187357473446495
172 191 0.03078985151738444
191 204 0.04966083057366966
121 147 0.01340727978742795
147 183 0.029134573380098727
183 121 0.022120421864051595
193 147 0.03751231049506309
147 162 0.02267719488508494
162 193 0.03751231049506308
193 183 0.042287775474123546
183 147 0.029134573380098727
147 193 0.03751231049506309
198 208 0.03184413811701403
208 196 0.041933063378168066
196 198 0.031379520284784676
189 167 0.023238227671789558
167 133 0.015059950504637269
133 189 0.02323822767178954
190 166 0.02526737062781203
166 8 0.051396758360814955
8 190 0.05769440863907033
189 200 0.037771796622345866
200 186 0.03777179662234586
186 189 0.04088343822259274
2 187 0.05741859173066842
187 41 0.03929168769533463
41 2 0.03925636871897354
179 203 0.030129847413847683
203 204 0.049660830573669774
204 179 0.0505269593775385
184 188 0.04883289018534436
188 164 0.0412622735105385
164 184 0.025620032661900063
155 196 0.036892699868465814
196 142 0.03689269986846582
142 155 0.031958174648570196
200 214 0.030407549973131758
214 195 0.030819594405587594
195 200 0.03777179662234577
186 167 0.03133208742806758
167 189 0.023238227671789558
189 186 0.04088343822259274
129 185 0.015059950504637265
185 190 0.025267370627812084
190 129 0.025267370627812077
190 185 0.025267370627812084
185 165 0.016248840236762516
165 190 0.03417485201020968
206 181 0.04025913000208782
181 173 0.04211044220177691
173 206 0.03489633406691449
207 204 0.03499984454270424
204 191 0.04966083057366966
191 207 0.048830503386553495
177 172 0.02894562061422077
172 204 0.061187357473446495
204 177 0.06317886800408458
4 154 0.03029093272267181
154 201 0.054661445113589675
201 4 0.04527758065895211
193 208 0.04124417414665539
208 198 0.03184413811701403
198 193 0.031379520284784704
184 193 0.0417541809191197
193 198 0.031379520284784704
198 184 0.05078263805960229
202 50 0.033797376353087924
50 49 0.03925636871897356
49 202 0.033797376353087855
170 22 0.023349828733782402
22 194 0.03889925153521595
194 170 0.0452759009341832
214 189 0.03197878558279198
189 180 0.02323822767178948
180 214 0.030407549973131782
213 155 0.05410382950810761
155 170 0.037530520330656326
170 213 0.052238378735191805
198 196 0.031379520284784676
196 188 0.036892699868465814
188 198 0.03137952028478471
201 210 0.03348426287059002
210 211 0.03264363501452001
211 201 0.04805314361239507
199 202 0.03466895182682423
202 195 0.04820324984688558
195 199 0.032771084969690466
184 198 0.05078263805960229
198 188 0.03137952028478471
188 184 0.04883289018534436
193 157 0.03751231049506306
157 208 0.031844138117013976
208 193 0.04124417414665539
199 50 0.03277108496969045
50 202 0.033797376353087924
202 199 0.03466895182682423
195 212 0.040373692359674224
212 215 0.03073833805244899
215 195 0.03502416504928785
197 209 0.028723278692193186
209 195 0.044809697119060535
195 197 0.05131956417338661
4 201 0.04527758065895211
201 182 0.045277580658952134
182 4 0.03346096273476082
200 209 0.02872327869219326
209 201 0.02872327869219318
201 200 0.04527758065895201
201 209 0.02872327869219318
209 210 0.03906892902229908
210 201 0.03348426287059002
174 202 0.05533730525505615
202 49 0.033797376353087855
49 174 0.04161606639347105
202 197 0.03379737635308781
197 195 0.05131956417338661
195 202 0.04820324984688558
39 203 0.04248707110455851
203 3 0.030129847413847662
3 39 0.03732118938351234
204 203 0.049660830573669774
203 182 0.0301298474138477
182 204 0.04966083057366976
204 182 0.04966083057366976
182 211 0.0326436350145199
211 204 0.03264363501451989
206 207 0.03499984454270419
207 191 0.048830503386553495
191 206 0.03489633406691447
205 178 0.032658729594077264
178 43 0.03563654602415156
43 205 0.03998003672223236
1 205 0.04124238901633398
205 42 0.03265872959407732
42 1 0.017506751212032448
206 187 0.034896334066914524
187 207 0.034999844542704245
207 206 0.03499984454270419
181 206 0.04025913000208782
206 191 0.03489633406691447
191 181 0.030789851517384434
187 179 0.05212724716611028
179 207 0.03630994887841187
207 187 0.034999844542704245
179 204 0.0505269593775385
204 207 0.03499984454270424
207 179 0.03630994887841187
59 208 0.03280834419409701
208 157 0.031844138117013976
157 59 0.029131935525221052
196 208 0.041933063378168066
208 142 0.03184413811701397
142 196 0.03689269986846582
195 209 0.044809697119060535
209 200 0.02872327869219326
200 195 0.03777179662234577
210 209 0.03906892902229908
209 197 0.028723278692193186
197 210 0.033484262870590024
197 192 0.05131956417338661
192 210 0.0334842628705901
210 197 0.033484262870590024
192 204 0.05544210230618403
204 211 0.03264363501451989
211 192 0.04028508247201889
201 211 0.04805314361239507
211 182 0.0326436350145199
182 201 0.045277580658952134
192 211 0.04028508247201889
211 210 0.03264363501452001
210 192 0.0334842628705901
180 188 0.047403034094533524
188 213 0.03126843385477178
213 180 0.03854335253250089
215 212 0.03073833805244899
212 170 0.040373692359674175
170 215 0.03073833805244897
213 196 0.03126843385477176
196 155 0.036892699868465814
155 213 0.05410382950810761
180 213 0.03854335253250089
213 212 0.0312684338547717
212 180 0.04037369235967422
180 212 0.04037369235967422
212 214 0.030407549973131748
214 180 0.030407549973131782
195 214 0.030819594405587594
214 212 0.030407549973131748
212 195 0.040373692359674224
194 215 0.03604058901925408
215 170 0.03073833805244897
170 194 0.0452759009341832
195 215 0.03502416504928785
215 199 0.030738338052448938
199 195 0.032771084969690466
