12 41 0.033466513814215025
41 15 0.03346651381421504
15 12 0.04190802544859394
51 64 0.029425514089514805
64 49 0.04348450941866392
49 51 0.04787460993810243
51 66 0.029362709532261794
66 8 0.0588054953365159
8 51 0.04787460993810241
12 15 0.04190802544859394
15 4 0.04302145223025367
4 12 0.05849399498239111
59 41 0.04813931464655385
41 6 0.04604785888202661
6 59 0.03267854534134091
33 14 0.027824933921574393
14 27 0.051538820320220696
27 33 0.027824933921574344
65 56 0.04414398305568065
56 57 0.045670032836880696
57 65 0.03049444099855926
12 4 0.05849399498239111
4 33 0.03543057135496473
33 12 0.05597856060254195
40 22 0.04755228905678244
22 23 0.08759802226648733
23 40 0.047552289056782396
59 13 0.0591197062816231
13 5 0.03309900678268156
5 59 0.05905881336784804
69 74 0.036316140858885765
74 62 0.03623470601457535
62 69 0.04025251087344451
2 29 0.017401693389222202
29 16 0.04729815278964393
16 2 0.03952570507910011
29 2 0.017401693389222202
2 31 0.021944880761477516
31 29 0.026557460060610327
29 31 0.026557460060610327
31 28 0.04616523715761021
28 29 0.04729815278964382
31 2 0.021944880761477516
2 36 0.047729658579210923
36 31 0.04772965857921091
55 16 0.03244221331973288
16 5 0.043589761228985835
5 55 0.03143942954436015
17 32 0.03718846348965928
32 1 0.037188463489659276
1 17 0.01357308678967318
17 1 0.01357308678967318
1 31 0.02194488076147758
31 17 0.021944880761477572
70 75 0.0300412389136262
75 13 0.031379651719964714
13 70 0.03743279987720466
77 1 0.04169280695931216
1 32 0.037188463489659276
32 77 0.03516272249940073
3 59 0.032678545341340896
59 42 0.03267854534134088
42 3 0.051420026419674233
44 52 0.030388530300258763
52 36 0.05493720092312127
36 44 0.057513023173030406
59 5 0.05905881336784804
5 42 0.04892957883530168
42 59 0.03267854534134088
33 27 0.027824933921574344
27 7 0.018404756613440956
7 33 0.02782493392157435
8 64 0.02942551408951483
64 51 0.029425514089514805
51 8 0.04787460993810241
34 37 0.04528774620577958
37 7 0.04528774620577958
7 34 0.030913752053091086
37 34 0.04528774620577958
34 11 0.025769410160110393
11 37 0.04528774620577958
7 56 0.030645584679636434
56 12 0.03064558467963647
12 7 0.05052225324547593
10 9 0.03719829975953204
9 49 0.03510046736508486
49 10 0.03510046736508485
7 27 0.018404756613440956
27 34 0.025769410160110407
34 7 0.030913752053091086
73 77 0.035162722499400716
77 76 0.05044930252388948
76 73 0.03896415721973396
65 57 0.03049444099855926
57 6 0.04567003283688072
6 65 0.03049444099855917
48 30 0.04949991544647936
30 39 0.04133141126399654
39 48 0.0494999154464794
74 43 0.054445511267967026
43 78 0.03604000341894536
78 74 0.038029038155530936
38 25 0.04355765583216867
25 19 0.03086124730142969
19 38 0.04355765583216869
38 45 0.040046406142030054
45 35 0.06017203290483175
35 38 0.043557655832168723
31 1 0.02194488076147758
1 28 0.036050465035141956
28 31 0.04616523715761021
23 21 0.011670748133688754
21 30 0.031976307054700844
30 23 0.03197630705470082
12 33 0.05597856060254195
33 7 0.02782493392157435
7 12 0.05052225324547593
47 46 0.044920930547316225
46 20 0.04070886060651944
20 47 0.029078656717830092
30 21 0.031976307054700844
21 39 0.04133141126399655
39 30 0.04133141126399654
38 46 0.040708860606519376
46 47 0.044920930547316225
47 38 0.02907865671783017
77 63 0.04238269757969746
63 76 0.0350018736625581
76 77 0.05044930252388948
39 21 0.04133141126399655
21 24 0.07120034332080148
24 39 0.04133141126399661
30 40 0.04755228905678241
40 23 0.047552289056782396
23 30 0.03197630705470082
36 2 0.047729658579210923
2 55 0.03143942954436011
55 36 0.031439429544360145
4 14 0.025496417081621484
14 33 0.027824933921574393
33 4 0.03543057135496473
31 36 0.04772965857921091
36 17 0.049365847004978924
17 31 0.021944880761477572
69 70 0.037432799877204645
70 74 0.03623470601457537
74 69 0.036316140858885765
52 32 0.030388530300258787
32 17 0.03718846348965928
17 52 0.030388530300258856
35 45 0.06017203290483175
45 0 0.03494900342642115
0 35 0.05416498823139321
38 35 0.043557655832168723
35 46 0.04070886060651938
46 38 0.040708860606519376
24 54 0.030212485171696862
54 53 0.043201367673351816
53 24 0.03608535657405963
52 61 0.03669787846315286
61 32 0.04432416502861817
32 52 0.030388530300258787
61 60 0.034058978129756765
60 30 0.03771932982824864
30 61 0.04843535126443697
79 60 0.05110767544005492
60 62 0.04770111236930875
62 79 0.031201121444569876
41 12 0.033466513814215025
12 65 0.030494440998559205
65 41 0.036251631101659486
3 15 0.05352797703070796
15 41 0.03346651381421504
41 3 0.03346651381421506
5 16 0.043589761228985835
16 42 0.05142002641967429
42 5 0.04892957883530168
78 49 0.03604000341894539
49 9 0.03510046736508486
9 78 0.0490392895626626
67 6 0.059910413469863776
6 57 0.04567003283688072
57 67 0.03408544003316777
62 44 0.04770111236930872
44 69 0.040252510873444516
69 62 0.04025251087344451
30 60 0.03771932982824864
60 40 0.03771932982824863
40 30 0.04755228905678241
72 35 0.0435841681316307
35 63 0.04465594434436603
63 72 0.033262949610026876
38 19 0.04355765583216869
19 45 0.034949003426421245
45 38 0.040046406142030054
54 20 0.030212485171696862
20 46 0.04070886060651944
46 54 0.03804694866095472
20 25 0.05429375045067333
25 47 0.029078656717830147
47 20 0.029078656717830092
25 38 0.04355765583216867
38 47 0.02907865671783017
47 25 0.029078656717830147
53 39 0.03608535657405965
39 24 0.04133141126399661
24 53 0.03608535657405963
63 48 0.04465594434436608
48 72 0.03326294961002687
72 63 0.033262949610026876
79 50 0.03699112270163192
50 22 0.04519049239632216
22 79 0.031201121444569907
49 43 0.035100467365084834
43 51 0.047874609938102435
51 49 0.04787460993810243
74 50 0.03702578301066261
50 62 0.03702578301066261
62 74 0.03623470601457535
13 68 0.034131107262736375
68 70 0.03743279987720463
70 13 0.03743279987720466
67 68 0.03413110726273635
68 6 0.05723326971646267
6 67 0.059910413469863776
66 58 0.05489140240072951
58 8 0.03343739960732594
8 66 0.0588054953365159
36 52 0.05493720092312127
52 17 0.030388530300258856
17 36 0.049365847004978924
52 44 0.030388530300258763
44 61 0.034058978129756765
61 52 0.03669787846315286
72 46 0.048752704778334884
46 35 0.04070886060651938
35 72 0.0435841681316307
39 53 0.03608535657405965
53 72 0.033262949610026904
72 39 0.053435533001384726
16 55 0.03244221331973288
55 2 0.03143942954436011
2 16 0.03952570507910011
53 54 0.043201367673351816
54 46 0.03804694866095472
46 53 0.03608535657405956
75 55 0.03871404044564748
55 5 0.03143942954436015
5 75 0.0300412389136261
7 37 0.04528774620577958
37 56 0.030645584679636375
56 7 0.030645584679636434
56 37 0.030645584679636375
37 57 0.0456700328368807
57 56 0.045670032836880696
37 66 0.029362709532261846
66 57 0.029362709532261822
57 37 0.0456700328368807
43 67 0.03408544003316774
67 51 0.034085440033167755
51 43 0.047874609938102435
41 59 0.04813931464655385
59 3 0.032678545341340896
3 41 0.03346651381421506
37 11 0.04528774620577958
11 58 0.03343739960732594
58 37 0.045352738321988675
13 59 0.0591197062816231
59 6 0.03267854534134091
6 13 0.049881803545982616
61 30 0.04843535126443697
30 48 0.04949991544647936
48 61 0.03405897812975684
62 60 0.04770111236930875
60 44 0.03771932982824856
44 62 0.04770111236930872
61 48 0.03405897812975684
48 32 0.04949991544647942
32 61 0.04432416502861817
44 60 0.03771932982824856
60 61 0.034058978129756765
61 44 0.034058978129756765
69 44 0.040252510873444516
44 36 0.057513023173030406
36 69 0.04025251087344459
50 78 0.036040003418945386
78 71 0.04858297427577021
71 50 0.037025783010662554
35 0 0.05416498823139321
0 76 0.04777582308711787
76 35 0.03500187366255813
32 48 0.04949991544647942
48 63 0.04465594434436608
63 32 0.04465594434436613
8 10 0.05048682890616125
10 64 0.02942551408951485
64 8 0.02942551408951483
49 64 0.04348450941866392
64 10 0.02942551408951485
10 49 0.03510046736508485
41 65 0.036251631101659486
65 6 0.03049444099855917
6 41 0.04604785888202661
56 65 0.04414398305568065
65 12 0.030494440998559205
12 56 0.03064558467963647
58 66 0.05489140240072951
66 37 0.029362709532261846
37 58 0.045352738321988675
67 66 0.03947814638385601
66 51 0.029362709532261794
51 67 0.034085440033167755
68 67 0.03413110726273635
67 43 0.03408544003316774
43 68 0.03413110726273637
66 67 0.03947814638385601
67 57 0.03408544003316777
57 66 0.029362709532261822
78 9 0.0490392895626626
9 71 0.04309252691882895
71 78 0.04858297427577021
6 68 0.05723326971646267
68 13 0.034131107262736375
13 6 0.049881803545982616
55 75 0.03871404044564748
75 36 0.030041238913626114
36 55 0.031439429544360145
43 49 0.035100467365084834
49 78 0.03604000341894539
78 43 0.03604000341894536
43 70 0.05477380844119731
70 68 0.03743279987720463
68 43 0.03413110726273637
75 69 0.04573702806245131
69 36 0.04025251087344459
36 75 0.030041238913626114
22 50 0.04519049239632216
50 71 0.037025783010662554
71 22 0.04309252691882894
79 40 0.031201121444569924
40 60 0.03771932982824863
60 79 0.05110767544005492
39 72 0.053435533001384726
72 48 0.03326294961002687
48 39 0.0494999154464794
72 53 0.033262949610026904
53 46 0.03608535657405956
46 72 0.048752704778334884
76 0 0.04777582308711787
0 18 0.019769197682253083
18 76 0.03500187366255816
77 73 0.035162722499400716
73 28 0.04729815278964393
28 77 0.03516272249940077
43 74 0.054445511267967026
74 70 0.03623470601457537
70 43 0.05477380844119731
13 75 0.031379651719964714
75 5 0.0300412389136261
5 13 0.03309900678268156
69 75 0.04573702806245131
75 70 0.0300412389136262
70 69 0.037432799877204645
73 76 0.03896415721973396
76 18 0.03500187366255816
18 73 0.04729815278964393
63 35 0.04465594434436603
35 76 0.03500187366255813
76 63 0.0350018736625581
1 77 0.04169280695931216
77 28 0.03516272249940077
28 1 0.036050465035141956
63 77 0.04238269757969746
77 32 0.03516272249940073
32 63 0.04465594434436613
74 78 0.038029038155530936
78 50 0.036040003418945386
50 74 0.03702578301066261
50 79 0.03699112270163192
79 62 0.031201121444569876
62 50 0.03702578301066261
22 40 0.04755228905678244
40 79 0.031201121444569924
79 22 0.031201121444569907
